$20 Sessionsdata		193
$17 ?				2
$06 ?				42
$02 ping			13
$18 ?				2
$1a Unit Data		14
$07 ?				1

                     0        1                            2                             3                             4                             5                             6                             7                             8                             9                            10                            11                            12                         13                            14                  15                        16                            17                      18                        19
			   1234567890 1  2  3  4  5  6  7  8  9  0  1  2  3  4  5  6  7  8  9  0  1  2  3  4  5  6  7  8  9  0  1  2  3  4  5  6  7  8  9  0  1  2  3  4  5  6  7  8  9  0  1  2  3  4  5  6  7  8  9  0  1  2  3  4  5  6  7  8  9  0  1  2  3  4  5  6  7  8  9  0  1  2  3  4  5  6  7  8  9  0  1  2  3  4  5  6  7  8  9  0  1  2  3  4  5  6  7  8  9  1  2  3  4  5  6  7  8  9  0  1  2  3  4  5  6  7  8  9  0  1 2 3 4 5  6 789 0  1  2 3 4  5 6 7  8  9  0  1  2  3  4  5  6  7  8  9  0  1 234 5  6  7  8  9  0  1  2  3  4  5  6  7 8 901 2  3                                                                                                                       
+ lpData       : ˘ˇˇˇ Ror Shock$00$00$00$00$00$00$00$00$00$00$00$00$00$00$00$00$00$00$00$00$00$00$00$00$00$00$00$00$00$00$00$00$00$00$00$00$00$00$00$00$00$00$00$00$00$00$00$00$00$00$00$00$00$00$00$00$00$00$00$00$00$00$00$00$00$00$00$00$00$00$00$00$00$00$00$00$00$00$00$00$00$00$00$00$00$00$00$00$00$00$00$00$00$00$00$00$00$00$00$00$00$00$00$00$00$00$00$00$00$00$00$00$00$00$00$00$00$00$00$00$00$00$00$00$00$00$00$00$00$00 $03X$02$00«àÅ$01$01$00ˇ$00$00@$00$00$00$04$00$00$00$0A$00$0A$00$00$00$03$01-GD$06$00$00$00$00$00$00$00$00$00$00$00$00$$«àÅ$01$05

                      1  2  
+ lpData       : ˚ˇˇˇ$17$00

                      0                  1                             2                             3                             4              
                      1 2345 6  7  8  9  0  1  2  3  4  5  6  7  8  9  0  1  2  3  4  5  6  7  8  9  0  1  2  3  4  5  6  7  8  9  0  1  2        
+ lpData       : Ÿˇˇˇ$06&≈àÅ$01$00$00$00$00$00$00$00$00$00$00$00$00$00$00$00$00$00$00$00$00$00$00$00$00$00$00$00$00$00$00$00$00$00$00$00$00

                      1 2 3  4  5  6  7  8  9 012 3  
+ lpData       : ¯ˇˇˇ$02Ç$08$05$00$00$00$00$00«àÅ$01

                      1  2 
+ lpData       : ˇˇˇˇ$18$01

                      1  2  3  4  5  6 7890 1  2 34
+ lpData       : ˇˇˇˇ$1A$03$00$00$00$00◊Õ-E$01$00ˇˇ

                      1 
+ lpData       : ˇˇˇˇ$07